C = [3 3.4; 2.1 3;3.5+9.1 4]

B = [1.2 5.7 4.2 C; [6.3 2.5 8.1 31]
 6.4 2.8 7.1 (3*(4-1)); 3^2 5.1 7.2 6.2]

 C
