ans =

  -0.35078  -0.00000
   0.00000   0.00000

ans =

  -0.93646  -1.00000
   1.00000  -1.00000

ans =

   0.37459   0.00000
   0.00000  -0.00000