C = [[B [3.4; 2.1; 3.5+9.1]] 1.2^3 3+1.2 15/(2.1+10*sin(0.12))  1.2][8.9 7.3 4.8 2.4 2.3 6.5 8.9 1.2 4.9 3.8 7.2 7.5 9.8 3.4 7.5 8.9 8.9 7.3 4.8
2.4 2.3 6.5 8.9 1.2 4.9 3.8]


B = [1.2 5.7 4.2 1.4; 6.3 2.5 8.1 3.1; 6.4 2.8 7.1 8.1; 3.2 5.1 7.2 6.2]

A

B


C = A + B
D = A - B
E = A * B
F = A / B
G = 1 ./ A
H = C'
